0.000000
1.000000
0.010000
1.020100
0.020000
1.040303
0.030000
1.060611
0.040000
1.081027
0.050000
1.101551
0.060000
1.122188
0.070000
1.142939
0.080000
1.163806
0.090000
1.184791
0.100000
1.205899
0.110000
1.227130
0.120000
1.248488
0.130000
1.269976
0.140000
1.291595
0.150000
1.313351
0.160000
1.335244
0.170000
1.357279
0.180000
1.379459
0.190000
1.401786
0.200000
1.424266
0.210000
1.446900
0.220000
1.469693
0.230000
1.492649
0.240000
1.515772
0.250000
1.539065
0.260000
1.562533
0.270000
1.586181
0.280000
1.610013
0.290000
1.634033
0.300000
1.658247
0.310000
1.682659
0.320000
1.707275
0.330000
1.732101
0.340000
1.757141
0.350000
1.782403
0.360000
1.807891
0.370000
1.833612
0.380000
1.859572
0.390000
1.885779
0.400000
1.912240
0.410000
1.938961
0.420000
1.965951
0.430000
1.993217
0.440000
2.020767
0.450000
2.048610
0.460000
2.076754
0.470000
2.105210
0.480000
2.133986
0.490000
2.163092
0.500000
2.192540
0.510000
2.222338
0.520000
2.252500
0.530000
2.283036
0.540000
2.313958
0.550000
2.345280
0.560000
2.377014
0.570000
2.409175
0.580000
2.441776
0.590000
2.474833
0.600000
2.508361
0.610000
2.542377
0.620000
2.576897
0.630000
2.611940
0.640000
2.647525
0.650000
2.683670
0.660000
2.720396
0.670000
2.757725
0.680000
2.795678
0.690000
2.834280
0.700000
2.873555
0.710000
2.913528
0.720000
2.954227
0.730000
2.995679
0.740000
3.037915
0.750000
3.080966
0.760000
3.124865
0.770000
3.169645
0.780000
3.215345
0.790000
3.262001
0.800000
3.309654
0.810000
3.358347
0.820000
3.408124
0.830000
3.459033
0.840000
3.511123
0.850000
3.564448
0.860000
3.619064
0.870000
3.675029
0.880000
3.732406
0.890000
3.791262
0.900000
3.851667
0.910000
3.913696
0.920000
3.977429
0.930000
4.042950
0.940000
4.110349
0.950000
4.179723
0.960000
4.251174
0.970000
4.324812
0.980000
4.400754
0.990000
4.479126
1.000000
4.560061
