0.000000
1.000000
0.010000
1.020050
0.020000
1.040203
0.030000
1.060459
0.040000
1.080822
0.050000
1.101293
0.060000
1.121875
0.070000
1.142570
0.080000
1.163380
0.090000
1.184308
0.100000
1.205356
0.110000
1.226528
0.120000
1.247825
0.130000
1.269250
0.140000
1.290807
0.150000
1.312498
0.160000
1.334326
0.170000
1.356295
0.180000
1.378407
0.190000
1.400666
0.200000
1.423076
0.210000
1.445640
0.220000
1.468361
0.230000
1.491244
0.240000
1.514292
0.250000
1.537510
0.260000
1.560902
0.270000
1.584472
0.280000
1.608225
0.290000
1.632165
0.300000
1.656297
0.310000
1.680627
0.320000
1.705159
0.330000
1.729900
0.340000
1.754854
0.350000
1.780027
0.360000
1.805426
0.370000
1.831056
0.380000
1.856925
0.390000
1.883039
0.400000
1.909405
0.410000
1.936029
0.420000
1.962921
0.430000
1.990087
0.440000
2.017536
0.450000
2.045277
0.460000
2.073317
0.470000
2.101666
0.480000
2.130334
0.490000
2.159331
0.500000
2.188666
0.510000
2.218351
0.520000
2.248397
0.530000
2.278815
0.540000
2.309617
0.550000
2.340817
0.560000
2.372426
0.570000
2.404459
0.580000
2.436931
0.590000
2.469855
0.600000
2.503248
0.610000
2.537125
0.620000
2.571504
0.630000
2.606403
0.640000
2.641839
0.650000
2.677833
0.660000
2.714403
0.670000
2.751573
0.680000
2.789363
0.690000
2.827796
0.700000
2.866898
0.710000
2.906694
0.720000
2.947210
0.730000
2.988474
0.740000
3.030516
0.750000
3.073366
0.760000
3.117057
0.770000
3.161623
0.780000
3.207100
0.790000
3.253526
0.800000
3.300940
0.810000
3.349384
0.820000
3.398902
0.830000
3.449542
0.840000
3.501351
0.850000
3.554382
0.860000
3.608690
0.870000
3.664334
0.880000
3.721373
0.890000
3.779874
0.900000
3.839906
0.910000
3.901542
0.920000
3.964859
0.930000
4.029941
0.940000
4.096875
0.950000
4.165756
0.960000
4.236684
0.970000
4.309764
0.980000
4.385111
0.990000
4.462847
1.000000
4.543102
