1.000000
-2.000000
-2.000000
-4.000000
0.054165
0.032057
50
30
158
1.000000
0.967954
0.935971
0.904111
0.872431
0.840981
0.809810
0.778963
0.748482
0.718403
0.688763
0.659592
0.630920
0.602773
0.575174
0.548144
0.521701
0.495862
0.470641
0.446050
0.422097
0.398792
0.376141
0.354147
0.332815
0.312145
0.292137
0.272790
0.254102
0.236068
0.218685
0.201945
0.185844
0.170372
0.155522
0.141285
0.127651
0.114609
0.102149
0.090260
0.078929
0.068145
0.057895
0.048166
0.038945
0.030220
0.021976
0.014201
0.006880
0.000000
0.945886
0.908227
0.871167
0.834802
0.799220
0.764486
0.730658
0.697774
0.665866
0.634943
0.605017
0.576077
0.548116
0.521112
0.495045
0.469884
0.445605
0.422175
0.399565
0.377744
0.356685
0.336361
0.316747
0.297819
0.279556
0.261940
0.244953
0.228578
0.212803
0.197612
0.182994
0.168938
0.155432
0.142465
0.130029
0.118112
0.106704
0.095796
0.085377
0.075436
0.065964
0.056950
0.048383
0.040252
0.032546
0.025254
0.018365
0.011867
0.005749
0.000000
0.892071
0.849773
0.808536
0.768493
0.729750
0.692394
0.656479
0.622050
0.589113
0.557673
0.527701
0.499168
0.472019
0.446205
0.421653
0.398303
0.376079
0.354916
0.334740
0.315492
0.297104
0.279525
0.262697
0.246578
0.231122
0.216295
0.202062
0.188396
0.175272
0.162669
0.150567
0.138950
0.127804
0.117115
0.106872
0.097063
0.087678
0.078708
0.070143
0.061973
0.054189
0.046782
0.039744
0.033064
0.026734
0.020744
0.015085
0.009748
0.004722
0.000000
0.838822
0.792941
0.748507
0.705676
0.664580
0.625307
0.587930
0.552472
0.518949
0.487328
0.457579
0.429626
0.403403
0.378811
0.355761
0.334140
0.313855
0.294792
0.276860
0.259955
0.243995
0.228892
0.214576
0.200977
0.188037
0.175702
0.163930
0.152680
0.141919
0.131620
0.121757
0.112310
0.103262
0.094597
0.086303
0.078367
0.070780
0.063531
0.056613
0.050015
0.043731
0.037752
0.032072
0.026681
0.021572
0.016739
0.012172
0.007865
0.003810
0.000000
0.786377
0.737999
0.691368
0.646669
0.604036
0.563583
0.525365
0.489424
0.455744
0.424303
0.395027
0.367846
0.342644
0.319318
0.297732
0.277767
0.259281
0.242153
0.226248
0.211456
0.197659
0.184758
0.172659
0.161280
0.150547
0.140398
0.130776
0.121636
0.112936
0.104644
0.096729
0.089171
0.081947
0.075042
0.068442
0.062134
0.056108
0.050354
0.044865
0.039634
0.034652
0.029913
0.025411
0.021139
0.017091
0.013261
0.009643
0.006231
0.003019
0.000000
0.734946
0.685129
0.637286
0.591606
0.548249
0.507316
0.468883
0.432967
0.399570
0.368633
0.340096
0.313844
0.289771
0.267729
0.247586
0.229178
0.212365
0.196986
0.182907
0.169981
0.158089
0.147108
0.136936
0.127474
0.118644
0.110370
0.102591
0.095253
0.088312
0.081730
0.075476
0.069524
0.063852
0.058442
0.053281
0.048355
0.043655
0.039171
0.034896
0.030823
0.026947
0.023260
0.019758
0.016436
0.013288
0.010310
0.007497
0.004845
0.002347
0.000000
0.684711
0.634449
0.586307
0.540489
0.497149
0.456408
0.418321
0.382927
0.350195
0.320086
0.292504
0.267349
0.244476
0.223750
0.204999
0.188070
0.172786
0.158993
0.146526
0.135243
0.124998
0.115671
0.107141
0.099311
0.092086
0.085392
0.079159
0.073332
0.067860
0.062706
0.057834
0.053219
0.048837
0.044670
0.040704
0.036926
0.033326
0.029896
0.026628
0.023517
0.020556
0.017743
0.015070
0.012536
0.010135
0.007863
0.005718
0.003695
0.001790
0.000000
0.635827
0.586010
0.538394
0.493181
0.450538
0.410568
0.373350
0.338893
0.307189
0.278169
0.251755
0.227816
0.206225
0.186812
0.169423
0.153873
0.140000
0.127621
0.116582
0.106718
0.097891
0.089963
0.082819
0.076348
0.070460
0.065070
0.060111
0.055521
0.051253
0.047264
0.043520
0.039993
0.036660
0.033503
0.030508
0.027661
0.024954
0.022378
0.019927
0.017595
0.015378
0.013272
0.011272
0.009375
0.007579
0.005880
0.004276
0.002763
0.001338
0.000000
0.588427
0.539822
0.493434
0.449473
0.408092
0.369409
0.333481
0.300338
0.269945
0.242255
0.217161
0.194556
0.174284
0.156197
0.140114
0.125869
0.113276
0.102170
0.092375
0.083741
0.076115
0.069366
0.063370
0.058022
0.053223
0.048895
0.044964
0.041373
0.038069
0.035012
0.032168
0.029508
0.027010
0.024656
0.022430
0.020323
0.018323
0.016425
0.014621
0.012906
0.011278
0.009732
0.008264
0.006873
0.005556
0.004311
0.003134
0.002025
0.000981
0.000000
0.542624
0.495856
0.451278
0.409088
0.369445
0.332451
0.298175
0.266627
0.237792
0.211599
0.187966
0.166761
0.147851
0.131069
0.116254
0.103223
0.091810
0.081833
0.073135
0.065553
0.058946
0.053176
0.048128
0.043691
0.039774
0.036293
0.033182
0.030378
0.027834
0.025508
0.023367
0.021384
0.019535
0.017805
0.016178
0.014643
0.013193
0.011818
0.010516
0.009279
0.008106
0.006993
0.005938
0.004938
0.003991
0.003096
0.002251
0.001455
0.000705
0.000000
0.498507
0.454067
0.411745
0.371738
0.334188
0.299205
0.266841
0.237120
0.210009
0.185457
0.163362
0.143617
0.126074
0.110586
0.096981
0.085097
0.074756
0.065798
0.058055
0.051382
0.045631
0.040677
0.036402
0.032703
0.029488
0.026679
0.024208
0.022018
0.020062
0.018299
0.016697
0.015230
0.013877
0.012621
0.011448
0.010349
0.009314
0.008337
0.007413
0.006538
0.005710
0.004924
0.004180
0.003476
0.002809
0.002179
0.001584
0.001024
0.000496
0.000000
0.456148
0.414393
0.374658
0.337124
0.301934
0.269181
0.238927
0.211178
0.185919
0.163084
0.142592
0.124322
0.108150
0.093920
0.081481
0.070666
0.061317
0.053269
0.046372
0.040478
0.035455
0.031177
0.027535
0.024427
0.021770
0.019486
0.017513
0.015794
0.014285
0.012948
0.011753
0.010674
0.009691
0.008788
0.007953
0.007175
0.006448
0.005765
0.005122
0.004514
0.003940
0.003397
0.002883
0.002396
0.001937
0.001502
0.001092
0.000705
0.000342
0.000000
0.415603
0.376773
0.339839
0.304976
0.272310
0.241938
0.213905
0.188230
0.164885
0.143819
0.124944
0.108159
0.093333
0.080331
0.069001
0.059195
0.050754
0.043532
0.037381
0.032167
0.027761
0.024048
0.020923
0.018294
0.016077
0.014204
0.012612
0.011252
0.010080
0.009061
0.008167
0.007373
0.006661
0.006016
0.005427
0.004884
0.004380
0.003910
0.003469
0.003055
0.002664
0.002296
0.001947
0.001618
0.001307
0.001014
0.000737
0.000476
0.000231
0.000000
0.376911
0.341141
0.307134
0.275045
0.244999
0.217077
0.191330
0.167765
0.146364
0.127072
0.109815
0.094490
0.080984
0.069163
0.058894
0.050031
0.042433
0.035959
0.030477
0.025856
0.021982
0.018744
0.016047
0.013803
0.011938
0.010384
0.009087
0.007998
0.007078
0.006294
0.005620
0.005033
0.004517
0.004057
0.003643
0.003267
0.002921
0.002602
0.002304
0.002026
0.001765
0.001520
0.001289
0.001070
0.000864
0.000670
0.000487
0.000315
0.000152
0.000000
0.340096
0.307440
0.276401
0.247125
0.219723
0.194272
0.170814
0.149361
0.129890
0.112357
0.096687
0.082792
0.070561
0.059878
0.050613
0.042639
0.035821
0.030033
0.025151
0.021057
0.017644
0.014812
0.012472
0.010544
0.008959
0.007658
0.006587
0.005703
0.004971
0.004360
0.003845
0.003407
0.003030
0.002701
0.002410
0.002150
0.001915
0.001700
0.001502
0.001318
0.001147
0.000986
0.000835
0.000693
0.000560
0.000434
0.000315
0.000204
0.000099
0.000000
0.305171
0.275613
0.247526
0.221041
0.196259
0.173248
0.152050
0.132671
0.115095
0.099277
0.085152
0.072637
0.061635
0.052035
0.043725
0.036583
0.030493
0.025334
0.020997
0.017374
0.014367
0.011885
0.009848
0.008183
0.006828
0.005726
0.004832
0.004106
0.003514
0.003030
0.002631
0.002299
0.002020
0.001782
0.001577
0.001397
0.001237
0.001093
0.000962
0.000842
0.000731
0.000627
0.000531
0.000440
0.000355
0.000275
0.000200
0.000129
0.000062
0.000000
0.272135
0.245611
0.220410
0.196651
0.174425
0.153793
0.134791
0.117428
0.101684
0.087524
0.074886
0.063696
0.053866
0.045298
0.037888
0.031530
0.026115
0.021539
0.017699
0.014501
0.011856
0.009682
0.007906
0.006464
0.005298
0.004360
0.003606
0.003002
0.002517
0.002127
0.001812
0.001556
0.001346
0.001171
0.001024
0.000898
0.000789
0.000692
0.000606
0.000528
0.000457
0.000392
0.000331
0.000274
0.000221
0.000171
0.000124
0.000080
0.000039
0.000000
0.240978
0.217385
0.194972
0.173843
0.154081
0.135740
0.118851
0.103422
0.089438
0.076863
0.065646
0.055718
0.047002
0.039410
0.032850
0.027225
0.022441
0.018403
0.015022
0.012211
0.009891
0.007991
0.006445
0.005195
0.004190
0.003387
0.002747
0.002239
0.001837
0.001519
0.001266
0.001064
0.000903
0.000772
0.000664
0.000575
0.000499
0.000434
0.000377
0.000327
0.000281
0.000240
0.000202
0.000167
0.000134
0.000104
0.000075
0.000049
0.000024
0.000000
0.211680
0.190890
0.171141
0.152526
0.135116
0.118961
0.104087
0.090501
0.078190
0.067122
0.057252
0.048520
0.040856
0.034184
0.028422
0.023485
0.019289
0.015752
0.012792
0.010336
0.008313
0.006659
0.005317
0.004236
0.003370
0.002682
0.002137
0.001708
0.001372
0.001108
0.000902
0.000741
0.000614
0.000514
0.000433
0.000368
0.000315
0.000270
0.000233
0.000200
0.000171
0.000145
0.000122
0.000100
0.000080
0.000062
0.000045
0.000029
0.000014
0.000000
0.184214
0.166082
0.148859
0.132625
0.117444
0.103358
0.090391
0.078548
0.067818
0.058174
0.049574
0.041968
0.035294
0.029486
0.024472
0.020178
0.016531
0.013458
0.010890
0.008760
0.007008
0.005578
0.004420
0.003489
0.002746
0.002157
0.001693
0.001330
0.001048
0.000828
0.000659
0.000528
0.000427
0.000348
0.000287
0.000238
0.000200
0.000169
0.000143
0.000121
0.000103
0.000086
0.000072
0.000059
0.000047
0.000036
0.000026
0.000017
0.000008
0.000000
0.158544
0.142915
0.128070
0.114079
0.100996
0.088857
0.077684
0.067480
0.058235
0.049927
0.042520
0.035969
0.030223
0.025224
0.020908
0.017215
0.014078
0.011437
0.009230
0.007402
0.005899
0.004674
0.003683
0.002887
0.002254
0.001753
0.001360
0.001054
0.000816
0.000633
0.000493
0.000386
0.000304
0.000242
0.000194
0.000157
0.000129
0.000106
0.000088
0.000074
0.000061
0.000051
0.000042
0.000034
0.000027
0.000021
0.000015
0.000010
0.000005
0.000000
0.134628
0.121343
0.108725
0.096834
0.085714
0.075397
0.065902
0.057230
0.049375
0.042315
0.036022
0.030458
0.025577
0.021331
0.017667
0.014531
0.011869
0.009628
0.007757
0.006207
0.004934
0.003896
0.003058
0.002386
0.001851
0.001430
0.001099
0.000843
0.000644
0.000492
0.000377
0.000289
0.000222
0.000172
0.000135
0.000106
0.000084
0.000068
0.000055
0.000045
0.000037
0.000030
0.000025
0.000020
0.000016
0.000012
0.000009
0.000006
0.000003
0.000000
0.112420
0.101319
0.090775
0.080839
0.071548
0.062928
0.054995
0.047750
0.041188
0.035290
0.030034
0.025386
0.021310
0.017764
0.014704
0.012086
0.009864
0.007994
0.006432
0.005140
0.004078
0.003214
0.002515
0.001956
0.001512
0.001161
0.000887
0.000675
0.000511
0.000386
0.000291
0.000220
0.000166
0.000126
0.000096
0.000073
0.000057
0.000044
0.000035
0.000028
0.000022
0.000018
0.000014
0.000011
0.000009
0.000007
0.000005
0.000003
0.000001
0.000000
0.091866
0.082791
0.074171
0.066048
0.058453
0.051406
0.044921
0.038999
0.033635
0.028814
0.024518
0.020719
0.017388
0.014490
0.011990
0.009851
0.008036
0.006508
0.005233
0.004177
0.003310
0.002605
0.002035
0.001579
0.001217
0.000932
0.000709
0.000536
0.000404
0.000302
0.000226
0.000168
0.000125
0.000093
0.000069
0.000052
0.000039
0.000030
0.000023
0.000018
0.000014
0.000011
0.000008
0.000007
0.000005
0.000004
0.000003
0.000002
0.000001
0.000000
0.072912
0.065707
0.058864
0.052415
0.046385
0.040791
0.035643
0.030942
0.026683
0.022857
0.019447
0.016431
0.013787
0.011487
0.009503
0.007805
0.006365
0.005153
0.004141
0.003303
0.002616
0.002057
0.001605
0.001244
0.000957
0.000731
0.000554
0.000418
0.000313
0.000233
0.000173
0.000128
0.000094
0.000069
0.000051
0.000037
0.000027
0.000020
0.000015
0.000011
0.000009
0.000007
0.000005
0.000004
0.000003
0.000002
0.000002
0.000001
0.000000
0.000000
0.055499
0.050013
0.044804
0.039894
0.035303
0.031045
0.027125
0.023547
0.020305
0.017392
0.014796
0.012501
0.010488
0.008737
0.007227
0.005935
0.004839
0.003916
0.003146
0.002509
0.001986
0.001560
0.001217
0.000942
0.000724
0.000552
0.000418
0.000314
0.000235
0.000174
0.000129
0.000094
0.000069
0.000050
0.000036
0.000026
0.000019
0.000014
0.000010
0.000007
0.000006
0.000004
0.000003
0.000002
0.000002
0.000001
0.000001
0.000001
0.000000
0.000000
0.039565
0.035654
0.031939
0.028439
0.025166
0.022130
0.019335
0.016784
0.014472
0.012396
0.010545
0.008909
0.007474
0.006226
0.005149
0.004228
0.003447
0.002789
0.002240
0.001786
0.001413
0.001110
0.000865
0.000669
0.000514
0.000392
0.000296
0.000222
0.000166
0.000123
0.000090
0.000066
0.000048
0.000035
0.000025
0.000018
0.000013
0.000009
0.000007
0.000005
0.000003
0.000003
0.000002
0.000001
0.000001
0.000001
0.000000
0.000000
0.000000
0.000000
0.025047
0.022571
0.020219
0.018003
0.015931
0.014008
0.012239
0.010624
0.009161
0.007846
0.006674
0.005639
0.004730
0.003940
0.003259
0.002676
0.002181
0.001765
0.001417
0.001130
0.000894
0.000702
0.000547
0.000423
0.000325
0.000247
0.000187
0.000140
0.000104
0.000077
0.000057
0.000041
0.000030
0.000022
0.000015
0.000011
0.000008
0.000006
0.000004
0.000003
0.000002
0.000001
0.000001
0.000001
0.000001
0.000000
0.000000
0.000000
0.000000
0.000000
0.011881
0.010706
0.009590
0.008539
0.007556
0.006644
0.005805
0.005039
0.004345
0.003721
0.003166
0.002674
0.002243
0.001869
0.001545
0.001269
0.001034
0.000837
0.000672
0.000536
0.000424
0.000333
0.000259
0.000200
0.000154
0.000117
0.000088
0.000066
0.000049
0.000036
0.000027
0.000019
0.000014
0.000010
0.000007
0.000005
0.000004
0.000003
0.000002
0.000001
0.000001
0.000001
0.000000
0.000000
0.000000
0.000000
0.000000
0.000000
0.000000
0.000000
0.000000
0.000000
0.000000
0.000000
0.000000
0.000000
0.000000
0.000000
0.000000
0.000000
0.000000
0.000000
0.000000
0.000000
0.000000
0.000000
0.000000
0.000000
0.000000
0.000000
0.000000
0.000000
0.000000
0.000000
0.000000
0.000000
0.000000
0.000000
0.000000
0.000000
0.000000
0.000000
0.000000
0.000000
0.000000
0.000000
0.000000
0.000000
0.000000
0.000000
0.000000
0.000000
0.000000
0.000000
0.000000
0.000000
0.000000
0.000000
0.000000
0.000000
125
1.000000
0.967954
0.935971
0.904111
0.872431
0.840981
0.809810
0.778963
0.748482
0.718403
0.688763
0.659592
0.630920
0.602773
0.575174
0.548144
0.521701
0.495862
0.470641
0.446050
0.422097
0.398792
0.376141
0.354147
0.332815
0.312145
0.292137
0.272790
0.254102
0.236068
0.218685
0.201945
0.185844
0.170372
0.155522
0.141285
0.127651
0.114609
0.102149
0.090260
0.078929
0.068145
0.057895
0.048166
0.038945
0.030220
0.021976
0.014201
0.006880
0.000000
0.945886
0.911009
0.876556
0.842593
0.809178
0.776360
0.744182
0.712678
0.681876
0.651799
0.622464
0.593882
0.566060
0.539003
0.512711
0.487181
0.462409
0.438389
0.415112
0.392569
0.370749
0.349643
0.329238
0.309522
0.290485
0.272113
0.254396
0.237320
0.220874
0.205045
0.189822
0.175194
0.161148
0.147672
0.134754
0.122384
0.110549
0.099238
0.088438
0.078138
0.068326
0.058991
0.050119
0.041699
0.033720
0.026168
0.019033
0.012301
0.005960
0.000000
0.892071
0.854971
0.818607
0.783048
0.748355
0.714573
0.681739
0.649879
0.619011
0.589141
0.560272
0.532398
0.505508
0.479586
0.454612
0.430564
0.407418
0.385146
0.363723
0.343121
0.323311
0.304267
0.285962
0.268370
0.251467
0.235229
0.219633
0.204658
0.190283
0.176490
0.163261
0.150578
0.138425
0.126787
0.115649
0.104997
0.094818
0.085098
0.075826
0.066988
0.058573
0.050569
0.042965
0.035749
0.028911
0.022440
0.016323
0.010552
0.005114
0.000000
0.838822
0.800124
0.762420
0.725785
0.690277
0.655941
0.622808
0.590898
0.560216
0.530761
0.502518
0.475469
0.449586
0.424838
0.401188
0.378596
0.357022
0.336423
0.316755
0.297975
0.280041
0.262913
0.246551
0.230917
0.215976
0.201694
0.188040
0.174984
0.162500
0.150563
0.139148
0.128235
0.117803
0.107835
0.098313
0.089220
0.080544
0.072268
0.064381
0.056869
0.049721
0.042926
0.036472
0.030349
0.024546
0.019054
0.013863
0.008964
0.004346
0.000000
0.786377
0.746699
0.708221
0.671020
0.635155
0.600668
0.567588
0.535925
0.505678
0.476836
0.449374
0.423260
0.398456
0.374915
0.352588
0.331421
0.311361
0.292350
0.274332
0.257252
0.241056
0.225692
0.211110
0.197263
0.184106
0.171598
0.159701
0.148379
0.137599
0.127331
0.117547
0.108223
0.099336
0.090865
0.082791
0.075096
0.067764
0.060782
0.054134
0.047810
0.041796
0.036081
0.030657
0.025511
0.020636
0.016021
0.011659
0.007540
0.003657
0.000000
0.734946
0.694880
0.656169
0.618891
0.583106
0.548854
0.516159
0.485026
0.455449
0.427407
0.400869
0.375793
0.352129
0.329823
0.308813
0.289036
0.270427
0.252918
0.236444
0.220939
0.206341
0.192589
0.179624
0.167392
0.155843
0.144928
0.134603
0.124828
0.115566
0.106783
0.098448
0.090534
0.083015
0.075870
0.069076
0.062617
0.056474
0.050634
0.045082
0.039805
0.034792
0.030033
0.025517
0.021235
0.017179
0.013340
0.009709
0.006281
0.003047
0.000000
0.684711
0.644806
0.606365
0.569466
0.534167
0.500505
0.468502
0.438160
0.409467
0.382397
0.356912
0.332963
0.310494
0.289442
0.269738
0.251312
0.234089
0.217996
0.202959
0.188907
0.175770
0.163480
0.151973
0.141191
0.131076
0.121577
0.112646
0.104239
0.096314
0.088838
0.081775
0.075096
0.068776
0.062789
0.057115
0.051734
0.046629
0.041785
0.037187
0.032824
0.028684
0.024757
0.021033
0.017504
0.014162
0.010999
0.008007
0.005181
0.002514
0.000000
0.635827
0.596582
0.558865
0.522753
0.488302
0.455551
0.424516
0.395197
0.367579
0.341631
0.317311
0.294566
0.273335
0.253549
0.235135
0.218017
0.202116
0.187354
0.173653
0.160935
0.149126
0.138156
0.127957
0.118465
0.109622
0.101371
0.093664
0.086453
0.079697
0.073357
0.067398
0.061791
0.056507
0.051522
0.046814
0.042363
0.038152
0.034166
0.030391
0.026814
0.023425
0.020214
0.017172
0.014290
0.011562
0.008981
0.006540
0.004233
0.002055
0.000000
0.588427
0.550277
0.513680
0.478712
0.445428
0.413865
0.384036
0.355940
0.329560
0.304861
0.281800
0.260320
0.240358
0.221843
0.204698
0.188845
0.174203
0.160689
0.148224
0.136728
0.126125
0.116341
0.107308
0.098960
0.091236
0.084079
0.077438
0.071266
0.065519
0.060159
0.055150
0.050461
0.046065
0.041936
0.038052
0.034394
0.030945
0.027688
0.024612
0.021704
0.018953
0.016350
0.013887
0.011556
0.009350
0.007264
0.005291
0.003426
0.001664
0.000000
0.542624
0.505936
0.470793
0.437270
0.405420
0.375276
0.346853
0.320146
0.295136
0.271790
0.250061
0.229893
0.211221
0.193973
0.178072
0.163439
0.149992
0.137649
0.126328
0.115949
0.106437
0.097718
0.089721
0.082381
0.075637
0.069433
0.063715
0.058438
0.053557
0.049035
0.044835
0.040926
0.037282
0.033876
0.030689
0.027699
0.024890
0.022248
0.019759
0.017412
0.015197
0.013105
0.011128
0.009259
0.007492
0.005820
0.004240
0.002746
0.001334
0.000000
0.498507
0.463581
0.430164
0.398330
0.368128
0.339591
0.312730
0.287543
0.264008
0.242092
0.221749
0.202923
0.185550
0.169558
0.154872
0.141413
0.129100
0.117852
0.107590
0.098234
0.089709
0.081942
0.074865
0.068412
0.062524
0.057145
0.052223
0.047713
0.043570
0.039758
0.036242
0.032990
0.029977
0.027178
0.024572
0.022139
0.019864
0.017733
0.015732
0.013851
0.012081
0.010412
0.008838
0.007352
0.005948
0.004621
0.003367
0.002182
0.001060
0.000000
0.456148
0.423216
0.391737
0.361778
0.333390
0.306600
0.281422
0.257850
0.235865
0.215433
0.196510
0.179042
0.162965
0.148211
0.134706
0.122374
0.111136
0.100915
0.091632
0.083212
0.075580
0.068666
0.062404
0.056732
0.051589
0.046924
0.042685
0.038828
0.035312
0.032099
0.029156
0.026455
0.023968
0.021672
0.019547
0.017575
0.015740
0.014029
0.012429
0.010931
0.009525
0.008204
0.006960
0.005788
0.004682
0.003637
0.002651
0.001718
0.000835
0.000000
0.415603
0.384835
0.355445
0.327497
0.301039
0.276096
0.252682
0.230790
0.210401
0.191485
0.173997
0.157887
0.143093
0.129552
0.117191
0.105939
0.095720
0.086460
0.078084
0.070520
0.063698
0.057550
0.052012
0.047025
0.042532
0.038483
0.034830
0.031530
0.028542
0.025833
0.023370
0.021125
0.019073
0.017192
0.015462
0.013867
0.012392
0.011023
0.009750
0.008563
0.007453
0.006413
0.005437
0.004519
0.003655
0.002839
0.002069
0.001341
0.000653
0.000000
0.376911
0.348418
0.321216
0.295366
0.270911
0.247877
0.226273
0.206095
0.187325
0.169934
0.153881
0.139116
0.125584
0.113223
0.101967
0.091747
0.082492
0.074133
0.066598
0.059820
0.053732
0.048272
0.043378
0.038995
0.035070
0.031555
0.028403
0.025576
0.023035
0.020747
0.018683
0.016816
0.015122
0.013581
0.012175
0.010886
0.009702
0.008610
0.007601
0.006664
0.005791
0.004978
0.004216
0.003502
0.002831
0.002199
0.001603
0.001039
0.000506
0.000000
0.340096
0.313940
0.288979
0.265270
0.242853
0.221752
0.201976
0.183521
0.166369
0.150495
0.135859
0.122417
0.110116
0.098899
0.088704
0.079468
0.071124
0.063608
0.056854
0.050799
0.045380
0.040540
0.036222
0.032373
0.028944
0.025891
0.023170
0.020745
0.018581
0.016647
0.014915
0.013360
0.011960
0.010697
0.009552
0.008511
0.007562
0.006692
0.005893
0.005155
0.004473
0.003838
0.003247
0.002695
0.002177
0.001691
0.001232
0.000799
0.000389
0.000000
0.305171
0.281368
0.258660
0.237099
0.216722
0.197550
0.179592
0.162845
0.147293
0.132910
0.119663
0.107509
0.096401
0.086286
0.077107
0.068806
0.061323
0.054597
0.048569
0.043179
0.038372
0.034092
0.030289
0.026914
0.023922
0.021271
0.018922
0.016842
0.014997
0.013359
0.011903
0.010605
0.009447
0.008409
0.007476
0.006634
0.005873
0.005180
0.004548
0.003969
0.003436
0.002943
0.002487
0.002061
0.001664
0.001291
0.000941
0.000610
0.000297
0.000000
0.272135
0.250665
0.230189
0.210752
0.192388
0.175116
0.158946
0.143872
0.129883
0.116954
0.105055
0.094147
0.084188
0.075130
0.066920
0.059506
0.052834
0.046848
0.041494
0.036719
0.032471
0.028701
0.025362
0.022409
0.019803
0.017504
0.015477
0.013692
0.012118
0.010730
0.009504
0.008420
0.007459
0.006605
0.005843
0.005162
0.004550
0.003998
0.003499
0.003044
0.002628
0.002247
0.001894
0.001568
0.001265
0.000981
0.000714
0.000463
0.000226
0.000000
0.240978
0.221793
0.203498
0.186135
0.169734
0.154314
0.139881
0.126433
0.113957
0.102433
0.091832
0.082122
0.073263
0.065212
0.057923
0.051349
0.045439
0.040146
0.035420
0.031212
0.027478
0.024172
0.021252
0.018678
0.016414
0.014425
0.012679
0.011149
0.009807
0.008630
0.007598
0.006691
0.005892
0.005188
0.004566
0.004013
0.003521
0.003080
0.002685
0.002328
0.002004
0.001708
0.001437
0.001188
0.000957
0.000741
0.000540
0.000350
0.000171
0.000000
0.211680
0.194706
0.178522
0.163164
0.148659
0.135024
0.122266
0.110381
0.099358
0.089181
0.079824
0.071256
0.063445
0.056350
0.049933
0.044149
0.038956
0.034310
0.030168
0.026486
0.023224
0.020342
0.017802
0.015570
0.013612
0.011897
0.010398
0.009090
0.007947
0.006951
0.006082
0.005323
0.004660
0.004078
0.003568
0.003119
0.002723
0.002371
0.002057
0.001777
0.001524
0.001295
0.001087
0.000897
0.000721
0.000558
0.000406
0.000263
0.000128
0.000000
0.184214
0.169360
0.155198
0.141760
0.129071
0.117143
0.105985
0.095592
0.085956
0.077061
0.068885
0.061402
0.054583
0.048393
0.042796
0.037756
0.033235
0.029193
0.025594
0.022398
0.019571
0.017078
0.014885
0.012961
0.011278
0.009808
0.008527
0.007413
0.006444
0.005603
0.004873
0.004239
0.003688
0.003208
0.002791
0.002426
0.002106
0.001824
0.001575
0.001355
0.001157
0.000980
0.000820
0.000675
0.000542
0.000419
0.000304
0.000197
0.000096
0.000000
0.158544
0.145706
0.133466
0.121853
0.110887
0.100581
0.090940
0.081961
0.073638
0.065956
0.058898
0.052439
0.046554
0.041215
0.036390
0.032047
0.028153
0.024675
0.021579
0.018834
0.016408
0.014271
0.012394
0.010751
0.009316
0.008066
0.006979
0.006037
0.005220
0.004513
0.003903
0.003375
0.002919
0.002524
0.002183
0.001886
0.001628
0.001403
0.001205
0.001032
0.000878
0.000741
0.000618
0.000507
0.000406
0.000313
0.000227
0.000147
0.000072
0.000000
0.134628
0.123692
0.113267
0.103375
0.094035
0.085257
0.077046
0.069400
0.062313
0.055773
0.049764
0.044266
0.039259
0.034716
0.030612
0.026920
0.023611
0.020657
0.018029
0.015701
0.013645
0.011836
0.010249
0.008861
0.007651
0.006598
0.005686
0.004896
0.004213
0.003625
0.003118
0.002681
0.002306
0.001983
0.001705
0.001465
0.001257
0.001077
0.000921
0.000784
0.000664
0.000558
0.000464
0.000380
0.000303
0.000234
0.000169
0.000110
0.000053
0.000000
0.112420
0.103268
0.094542
0.086264
0.078448
0.071102
0.064231
0.057833
0.051903
0.046430
0.041402
0.036803
0.032615
0.028816
0.025384
0.022297
0.019532
0.017064
0.014870
0.012927
0.011212
0.009703
0.008382
0.007227
0.006221
0.005348
0.004592
0.003939
0.003376
0.002891
0.002475
0.002118
0.001812
0.001550
0.001326
0.001133
0.000967
0.000824
0.000701
0.000594
0.000501
0.000419
0.000347
0.000283
0.000226
0.000173
0.000126
0.000081
0.000040
0.000000
0.091866
0.084377
0.077236
0.070462
0.064065
0.058054
0.052430
0.047194
0.042340
0.037862
0.033747
0.029984
0.026556
0.023447
0.020640
0.018115
0.015853
0.013835
0.012041
0.010453
0.009052
0.007821
0.006743
0.005801
0.004982
0.004271
0.003657
0.003127
0.002670
0.002279
0.001943
0.001656
0.001410
0.001201
0.001022
0.000869
0.000738
0.000626
0.000530
0.000447
0.000375
0.000313
0.000258
0.000210
0.000167
0.000128
0.000092
0.000060
0.000029
0.000000
0.072912
0.066963
0.061291
0.055910
0.050829
0.046053
0.041586
0.037426
0.033570
0.030011
0.026742
0.023752
0.021028
0.018558
0.016328
0.014322
0.012525
0.010922
0.009497
0.008236
0.007124
0.006147
0.005292
0.004545
0.003896
0.003334
0.002847
0.002428
0.002068
0.001759
0.001495
0.001270
0.001077
0.000914
0.000774
0.000655
0.000554
0.000468
0.000395
0.000332
0.000277
0.000230
0.000189
0.000153
0.000122
0.000093
0.000067
0.000043
0.000021
0.000000
0.055499
0.050969
0.046651
0.042553
0.038684
0.035047
0.031645
0.028477
0.025540
0.022830
0.020340
0.018062
0.015987
0.014105
0.012406
0.010878
0.009509
0.008287
0.007202
0.006241
0.005394
0.004650
0.003999
0.003430
0.002937
0.002509
0.002139
0.001821
0.001547
0.001313
0.001113
0.000943
0.000798
0.000674
0.000569
0.000480
0.000405
0.000341
0.000286
0.000239
0.000200
0.000165
0.000135
0.000109
0.000087
0.000066
0.000048
0.000031
0.000015
0.000000
0.039565
0.036337
0.033258
0.030338
0.027579
0.024987
0.022561
0.020302
0.018208
0.016275
0.014499
0.012874
0.011394
0.010052
0.008840
0.007749
0.006772
0.005900
0.005126
0.004440
0.003836
0.003305
0.002840
0.002434
0.002082
0.001777
0.001513
0.001286
0.001091
0.000925
0.000783
0.000661
0.000558
0.000471
0.000397
0.000334
0.000280
0.000235
0.000197
0.000164
0.000137
0.000113
0.000092
0.000074
0.000059
0.000045
0.000032
0.000021
0.000010
0.000000
0.025047
0.023004
0.021057
0.019209
0.017463
0.015823
0.014288
0.012858
0.011532
0.010308
0.009184
0.008155
0.007218
0.006367
0.005599
0.004908
0.004289
0.003737
0.003246
0.002811
0.002428
0.002091
0.001796
0.001539
0.001316
0.001122
0.000955
0.000811
0.000688
0.000582
0.000492
0.000415
0.000350
0.000295
0.000248
0.000208
0.000175
0.000146
0.000122
0.000102
0.000084
0.000070
0.000057
0.000046
0.000036
0.000028
0.000020
0.000013
0.000006
0.000000
0.011881
0.010913
0.009990
0.009114
0.008286
0.007509
0.006781
0.006103
0.005475
0.004894
0.004361
0.003873
0.003428
0.003025
0.002660
0.002332
0.002038
0.001776
0.001543
0.001336
0.001154
0.000994
0.000854
0.000732
0.000625
0.000533
0.000454
0.000385
0.000327
0.000276
0.000233
0.000197
0.000166
0.000140
0.000117
0.000098
0.000083
0.000069
0.000058
0.000048
0.000040
0.000033
0.000027
0.000021
0.000017
0.000013
0.000009
0.000006
0.000003
0.000000
0.000000
0.000000
0.000000
0.000000
0.000000
0.000000
0.000000
0.000000
0.000000
0.000000
0.000000
0.000000
0.000000
0.000000
0.000000
0.000000
0.000000
0.000000
0.000000
0.000000
0.000000
0.000000
0.000000
0.000000
0.000000
0.000000
0.000000
0.000000
0.000000
0.000000
0.000000
0.000000
0.000000
0.000000
0.000000
0.000000
0.000000
0.000000
0.000000
0.000000
0.000000
0.000000
0.000000
0.000000
0.000000
0.000000
0.000000
0.000000
0.000000
0.000000
51
1.000000
0.967954
0.935971
0.904111
0.872431
0.840981
0.809810
0.778963
0.748482
0.718403
0.688763
0.659592
0.630920
0.602773
0.575174
0.548144
0.521701
0.495862
0.470641
0.446050
0.422097
0.398792
0.376141
0.354147
0.332815
0.312145
0.292137
0.272790
0.254102
0.236068
0.218685
0.201945
0.185844
0.170372
0.155522
0.141285
0.127651
0.114609
0.102149
0.090260
0.078929
0.068145
0.057895
0.048166
0.038945
0.030220
0.021976
0.014201
0.006880
0.000000
0.945886
0.915680
0.885505
0.855368
0.825392
0.795722
0.766293
0.737170
0.708369
0.679951
0.651937
0.624361
0.597253
0.570632
0.544525
0.518950
0.493923
0.469462
0.445580
0.422288
0.399597
0.377516
0.356050
0.335203
0.314980
0.295382
0.276409
0.258174
0.240562
0.223462
0.206964
0.191112
0.175863
0.161206
0.147147
0.133672
0.120768
0.108428
0.096641
0.085392
0.074671
0.064467
0.054769
0.045565
0.036842
0.028588
0.020789
0.013433
0.006508
0.000000
0.892071
0.863679
0.835248
0.806788
0.778591
0.750686
0.722977
0.695554
0.668425
0.641650
0.615252
0.589255
0.563695
0.538589
0.513958
0.489825
0.466205
0.443113
0.420562
0.398565
0.377131
0.356268
0.335982
0.316280
0.297164
0.278636
0.260849
0.243682
0.227001
0.210847
0.195276
0.180298
0.165901
0.152070
0.138801
0.126088
0.113918
0.102277
0.091157
0.080547
0.070433
0.060807
0.051660
0.042978
0.034749
0.026963
0.019608
0.012670
0.006138
0.000000
0.838822
0.812194
0.785426
0.758668
0.732288
0.706083
0.680089
0.654320
0.628851
0.603689
0.578881
0.554447
0.530409
0.506798
0.483628
0.460918
0.438688
0.416951
0.395717
0.375002
0.354813
0.335159
0.316045
0.297478
0.279460
0.262192
0.245466
0.229224
0.213520
0.198327
0.183665
0.169569
0.156026
0.143017
0.130539
0.118583
0.107135
0.096187
0.085727
0.075748
0.066237
0.057185
0.048581
0.040416
0.032677
0.025355
0.018438
0.011914
0.005772
0.000000
0.786377
0.761437
0.736278
0.711286
0.686666
0.662123
0.637802
0.613662
0.589810
0.566242
0.542988
0.520089
0.497551
0.475405
0.453671
0.432364
0.411500
0.391096
0.371163
0.351711
0.332749
0.314287
0.296329
0.278881
0.262195
0.245960
0.230182
0.214942
0.200202
0.185953
0.172209
0.158989
0.146292
0.134099
0.122398
0.111185
0.100450
0.090183
0.080376
0.071019
0.062102
0.053614
0.045547
0.037891
0.030636
0.023770
0.017285
0.011169
0.005410
0.000000
0.734946
0.711602
0.688047
0.664854
0.641885
0.618995
0.596274
0.573751
0.551465
0.529453
0.507725
0.486318
0.465253
0.444542
0.424214
0.404281
0.384759
0.365660
0.347000
0.328787
0.311029
0.293736
0.276913
0.260868
0.245169
0.229913
0.215161
0.200893
0.187114
0.173803
0.160963
0.148611
0.136743
0.125346
0.114408
0.103925
0.093890
0.084294
0.075127
0.066380
0.058044
0.050111
0.042570
0.035414
0.028632
0.022215
0.016154
0.010437
0.005056
0.000000
0.684711
0.662877
0.640964
0.619517
0.598114
0.576843
0.555670
0.534719
0.513963
0.493457
0.473222
0.453268
0.433633
0.414327
0.395366
0.376772
0.358559
0.340736
0.323317
0.306314
0.289735
0.273585
0.258231
0.243112
0.228430
0.214210
0.200448
0.187156
0.174321
0.161931
0.149978
0.138470
0.127411
0.116791
0.106600
0.096832
0.087482
0.078539
0.069996
0.061845
0.054078
0.046686
0.039660
0.032992
0.026674
0.020695
0.015048
0.009723
0.004710
0.000000
0.635827
0.615446
0.595214
0.575391
0.555518
0.535789
0.516141
0.496692
0.477430
0.458381
0.439586
0.421050
0.402797
0.384851
0.367223
0.349929
0.332986
0.316405
0.300197
0.284371
0.268939
0.254316
0.239817
0.225753
0.212109
0.198898
0.186125
0.173785
0.161876
0.150377
0.139283
0.128597
0.118326
0.108463
0.099000
0.089928
0.081242
0.072935
0.065001
0.057430
0.050216
0.043351
0.036826
0.030634
0.024767
0.019215
0.013972
0.009027
0.004373
0.000000
0.588427
0.569484
0.550927
0.532590
0.514227
0.495953
0.477797
0.459786
0.441962
0.424328
0.406915
0.389750
0.372837
0.356204
0.339865
0.323833
0.308120
0.292742
0.277708
0.263026
0.249167
0.235328
0.221918
0.208887
0.196267
0.184050
0.172240
0.160829
0.149809
0.139171
0.128908
0.119021
0.109515
0.100386
0.091626
0.083228
0.075187
0.067498
0.060153
0.053146
0.046468
0.040114
0.034076
0.028346
0.022916
0.017779
0.012927
0.008352
0.004046
0.000000
0.542624
0.525133
0.508179
0.491230
0.474329
0.457448
0.440721
0.424101
0.407649
0.391380
0.375300
0.359448
0.343831
0.328463
0.313366
0.298551
0.284028
0.269810
0.255909
0.242839
0.229696
0.216967
0.204587
0.192591
0.180964
0.169714
0.158829
0.148308
0.138147
0.128339
0.118879
0.109764
0.100995
0.092574
0.084494
0.076749
0.069332
0.062239
0.055465
0.049002
0.042845
0.036986
0.031418
0.026135
0.021128
0.016392
0.011919
0.007700
0.003730
0.000000
0.498507
0.482494
0.467018
0.451407
0.435885
0.420365
0.404984
0.389708
0.374569
0.359603
0.344811
0.330216
0.315840
0.301692
0.287787
0.274140
0.260763
0.247664
0.235398
0.222985
0.210959
0.199261
0.187913
0.176906
0.166242
0.155909
0.145912
0.136247
0.126914
0.117906
0.109215
0.100841
0.092784
0.085045
0.077620
0.070502
0.063687
0.057171
0.050947
0.045010
0.039354
0.033972
0.028858
0.024005
0.019406
0.015056
0.010947
0.007072
0.003426
0.000000
0.456148
0.441620
0.427481
0.413186
0.398953
0.384757
0.370650
0.356659
0.342784
0.329056
0.315497
0.302108
0.288918
0.275937
0.263178
0.250651
0.238371
0.226919
0.215262
0.203956
0.192966
0.182288
0.171924
0.161864
0.152108
0.142657
0.133510
0.124668
0.116126
0.107881
0.099929
0.092266
0.084892
0.077809
0.071014
0.064501
0.058266
0.052303
0.046609
0.041177
0.036002
0.031078
0.026399
0.021960
0.017753
0.013773
0.010014
0.006470
0.003134
0.000000
0.415603
0.402525
0.389607
0.376596
0.363582
0.350653
0.337768
0.324993
0.312329
0.299785
0.287395
0.275165
0.263107
0.251241
0.239576
0.228123
0.217485
0.206604
0.196034
0.185766
0.175775
0.166069
0.156632
0.147470
0.138584
0.129974
0.121639
0.113579
0.105793
0.098279
0.091032
0.084051
0.077333
0.070880
0.064689
0.058756
0.053076
0.047645
0.042457
0.037509
0.032795
0.028309
0.024046
0.020002
0.016170
0.012545
0.009121
0.005893
0.002854
0.000000
0.376911
0.365205
0.353432
0.341646
0.329809
0.318069
0.306363
0.294741
0.283227
0.271819
0.260541
0.249412
0.238438
0.227633
0.217011
0.207187
0.197093
0.187270
0.177734
0.168444
0.159402
0.150600
0.142045
0.133737
0.125678
0.117866
0.110303
0.102990
0.095926
0.089109
0.082538
0.076208
0.070119
0.064268
0.058654
0.053275
0.048125
0.043200
0.038496
0.034008
0.029733
0.025666
0.021801
0.018134
0.014660
0.011373
0.008269
0.005342
0.002588
0.000000
0.340096
0.329650
0.318979
0.308340
0.297648
0.287023
0.276443
0.265923
0.255495
0.245171
0.234953
0.224868
0.214925
0.205133
0.196112
0.186815
0.177751
0.168945
0.160360
0.151988
0.143830
0.135889
0.128169
0.120669
0.113391
0.106337
0.099510
0.092909
0.086534
0.080384
0.074457
0.068748
0.063256
0.057978
0.052914
0.048060
0.043414
0.038970
0.034726
0.030678
0.026821
0.023152
0.019666
0.016358
0.013224
0.010259
0.007459
0.004819
0.002334
0.000000
0.305171
0.295857
0.286261
0.276688
0.267099
0.257527
0.248012
0.238544
0.229147
0.219846
0.210640
0.201546
0.192581
0.184357
0.175855
0.167554
0.159479
0.151599
0.143896
0.136383
0.129061
0.121932
0.114997
0.108261
0.101727
0.095395
0.089268
0.083345
0.077627
0.072111
0.066794
0.061674
0.056747
0.052012
0.047468
0.043113
0.038945
0.034959
0.031152
0.027520
0.024060
0.020768
0.017641
0.014673
0.011862
0.009202
0.006691
0.004323
0.002094
0.000000
0.272135
0.263831
0.255278
0.246703
0.238154
0.229586
0.221070
0.212601
0.204184
0.195848
0.187601
0.179449
0.172007
0.164299
0.156764
0.149413
0.142230
0.135197
0.128328
0.121623
0.115085
0.108719
0.102530
0.096520
0.090692
0.085047
0.079585
0.074306
0.069208
0.064290
0.059549
0.054983
0.050591
0.046370
0.042319
0.038436
0.034720
0.031166
0.027771
0.024533
0.021449
0.018514
0.015726
0.013080
0.010574
0.008203
0.005964
0.003853
0.001867
0.000000
0.240978
0.233583
0.226020
0.218391
0.210807
0.203198
0.195621
0.188089
0.180602
0.173176
0.165832
0.159161
0.152234
0.145458
0.138825
0.132328
0.125959
0.119727
0.113637
0.107689
0.101892
0.096252
0.090770
0.085450
0.080291
0.075295
0.070460
0.065786
0.061271
0.056915
0.052717
0.048675
0.044787
0.041051
0.037464
0.034027
0.030736
0.027590
0.024585
0.021718
0.018987
0.016389
0.013921
0.011579
0.009360
0.007262
0.005280
0.003411
0.001652
0.000000
0.211680
0.205118
0.198478
0.191748
0.185054
0.178350
0.171656
0.165001
0.158390
0.151825
0.145905
0.139752
0.133721
0.127790
0.121966
0.116254
0.110651
0.105166
0.099804
0.094577
0.089484
0.084531
0.079719
0.075049
0.070519
0.066130
0.061882
0.057775
0.053809
0.049984
0.046297
0.042747
0.039333
0.036051
0.032902
0.029883
0.026992
0.024229
0.021590
0.019073
0.016674
0.014393
0.012225
0.010168
0.008220
0.006377
0.004637
0.002996
0.001451
0.000000
0.184214
0.178430
0.172635
0.166759
0.160887
0.155026
0.149165
0.143328
0.137534
0.132345
0.126939
0.121635
0.116392
0.111224
0.106150
0.101165
0.096278
0.091498
0.086833
0.082286
0.077859
0.073553
0.069368
0.065303
0.061360
0.057540
0.053843
0.050269
0.046818
0.043489
0.040281
0.037192
0.034221
0.031366
0.028626
0.026000
0.023485
0.021080
0.018784
0.016594
0.014507
0.012522
0.010636
0.008847
0.007152
0.005548
0.004034
0.002607
0.001263
0.000000
0.158544
0.153497
0.148472
0.143396
0.138292
0.133208
0.128125
0.123055
0.118574
0.113900
0.109289
0.104708
0.100181
0.095726
0.091344
0.087042
0.082837
0.078728
0.074719
0.070810
0.067003
0.063297
0.059693
0.056194
0.052801
0.049514
0.046333
0.043258
0.040288
0.037422
0.034661
0.032003
0.029447
0.026991
0.024633
0.022373
0.020209
0.018139
0.016164
0.014279
0.012483
0.010775
0.009152
0.007613
0.006154
0.004774
0.003472
0.002243
0.001087
0.000000
0.134628
0.130285
0.125963
0.121626
0.117241
0.112873
0.108511
0.104704
0.100721
0.096775
0.092830
0.088917
0.085059
0.081263
0.077536
0.073890
0.070325
0.066842
0.063442
0.060123
0.056888
0.053741
0.050682
0.047712
0.044831
0.042040
0.039339
0.036728
0.034206
0.031773
0.029429
0.027172
0.025001
0.022916
0.020914
0.018995
0.017158
0.015401
0.013724
0.012124
0.010599
0.009149
0.007771
0.006464
0.005225
0.004054
0.002948
0.001905
0.000924
0.000000
0.112420
0.108745
0.105070
0.101407
0.097697
0.093989
0.090835
0.087513
0.084181
0.080839
0.077520
0.074233
0.071001
0.067834
0.064731
0.061694
0.058720
0.055812
0.052970
0.050198
0.047498
0.044871
0.042318
0.039838
0.037433
0.035102
0.032847
0.030666
0.028561
0.026529
0.024572
0.022687
0.020875
0.019134
0.017463
0.015861
0.014327
0.012860
0.011459
0.010123
0.008851
0.007640
0.006489
0.005398
0.004364
0.003386
0.002462
0.001591
0.000772
0.000000
0.091866
0.088822
0.085749
0.082697
0.079614
0.077061
0.074353
0.071605
0.068830
0.066065
0.063331
0.060645
0.058013
0.055431
0.052899
0.050416
0.047983
0.045604
0.043283
0.041019
0.038814
0.036667
0.034580
0.032554
0.030589
0.028685
0.026842
0.025060
0.023339
0.021679
0.020080
0.018540
0.017059
0.015636
0.014271
0.012962
0.011709
0.010510
0.009365
0.008273
0.007233
0.006244
0.005304
0.004412
0.003567
0.002767
0.002013
0.001301
0.000631
0.000000
0.072912
0.070455
0.067945
0.065449
0.063490
0.061339
0.059119
0.056881
0.054648
0.052435
0.050269
0.048148
0.046061
0.044009
0.041993
0.040019
0.038088
0.036201
0.034358
0.032561
0.030810
0.029105
0.027449
0.025841
0.024281
0.022769
0.021306
0.019892
0.018526
0.017209
0.015939
0.014717
0.013542
0.012413
0.011329
0.010290
0.009295
0.008344
0.007435
0.006568
0.005743
0.004957
0.004211
0.003503
0.002832
0.002198
0.001599
0.001034
0.000502
0.000000
0.055499
0.053582
0.051596
0.050167
0.048549
0.046819
0.045070
0.043334
0.041626
0.039952
0.038305
0.036685
0.035089
0.033521
0.031984
0.030480
0.029009
0.027570
0.026165
0.024795
0.023461
0.022164
0.020902
0.019677
0.018489
0.017338
0.016224
0.015147
0.014107
0.013104
0.012137
0.011207
0.010312
0.009452
0.008627
0.007836
0.007079
0.006355
0.005662
0.005002
0.004374
0.003775
0.003207
0.002668
0.002157
0.001674
0.001218
0.000789
0.000383
0.000000
0.039565
0.038140
0.037210
0.036029
0.034763
0.033482
0.032209
0.030968
0.029755
0.028556
0.027370
0.026203
0.025059
0.023939
0.022839
0.021762
0.020708
0.019679
0.018676
0.017697
0.016744
0.015817
0.014916
0.014041
0.013193
0.012372
0.011577
0.010808
0.010066
0.009351
0.008661
0.007997
0.007358
0.006745
0.006156
0.005592
0.005052
0.004535
0.004041
0.003570
0.003121
0.002694
0.002289
0.001904
0.001540
0.001196
0.000871
0.000564
0.000275
0.000000
0.025047
0.024648
0.023890
0.023014
0.022164
0.021338
0.020535
0.019739
0.018952
0.018178
0.017416
0.016669
0.015937
0.015219
0.014515
0.013827
0.013155
0.012499
0.011860
0.011236
0.010629
0.010040
0.009467
0.008911
0.008372
0.007851
0.007346
0.006858
0.006387
0.005933
0.005495
0.005073
0.004668
0.004279
0.003906
0.003548
0.003205
0.002877
0.002564
0.002265
0.001980
0.001710
0.001453
0.001209
0.000978
0.000760
0.000554
0.000360
0.000175
0.000000
0.011881
0.011578
0.011151
0.010721
0.010330
0.009963
0.009589
0.009212
0.008843
0.008486
0.008135
0.007787
0.007446
0.007113
0.006788
0.006469
0.006157
0.005852
0.005556
0.005267
0.004985
0.004711
0.004445
0.004186
0.003935
0.003692
0.003456
0.003228
0.003008
0.002796
0.002591
0.002393
0.002203
0.002020
0.001845
0.001676
0.001515
0.001360
0.001213
0.001072
0.000937
0.000809
0.000688
0.000573
0.000464
0.000360
0.000263
0.000171
0.000083
0.000000
0.000000
0.000000
0.000000
0.000000
0.000000
0.000000
0.000000
0.000000
0.000000
0.000000
0.000000
0.000000
0.000000
0.000000
0.000000
0.000000
0.000000
0.000000
0.000000
0.000000
0.000000
0.000000
0.000000
0.000000
0.000000
0.000000
0.000000
0.000000
0.000000
0.000000
0.000000
0.000000
0.000000
0.000000
0.000000
0.000000
0.000000
0.000000
0.000000
0.000000
0.000000
0.000000
0.000000
0.000000
0.000000
0.000000
0.000000
0.000000
0.000000
0.000000
